root
512
1
-1
-1
-1
-1
-1
pid.xsm
130
3
-1
-1
-1
-1
-1
forkback.xsm
184
3
-1
-1
-1
-1
-1
rw.xsm
994
3
-1
-1
-1
-1
-1
parent.xsm
280
3
-1
-1
-1
-1
-1
child.xsm
328
3
-1
-1
-1
-1
-1
create_f.xsm
246
3
-1
-1
-1
-1
-1
readfile.xsm
424
3
-1
-1
-1
-1
-1
del_f.xsm
186
3
-1
-1
-1
-1
-1
lseek_f.xsm
546
3
-1
-1
-1
-1
-1
1_1100.xsm
648
3
-1
-1
-1
-1
-1
append.xsm
594
3
-1
-1
-1
-1
-1
1to100.xsm
1014
3
-1
-1
-1
-1
-1
4files.xsm
2046
3
-1
-1
-1
-1
-1
4fork.xsm
212
3
-1
-1
-1
-1
-1
forknum.xsm
538
3
-1
-1
-1
-1
-1
fork27_4.xsm
546
3
-1
-1
-1
-1
-1
pgm1.xsm
924
3
-1
-1
-1
-1
-1
pgm2.xsm
558
3
-1
-1
-1
-1
-1
delay.xsm
370
3
-1
-1
-1
-1
-1
merge.xsm
778
3
-1
-1
-1
-1
-1
m_merge.xsm
1768
3
-1
-1
-1
-1
-1
m_sort.xsm
1866
3
-1
-1
-1
-1
-1
m_store.xsm
1456
3
-1
-1
-1
-1
-1
cat.xsm
388
3
-1
-1
-1
-1
-1
cp.xsm
692
3
-1
-1
-1
-1
-1
ls.xsm
462
3
-1
-1
-1
-1
-1
rm.xsm
142
3
-1
-1
-1
-1
-1
lu.xsm
216
3
-1
-1
-1
-1
-1
ru.xsm
610
3
-1
-1
-1
-1
-1
sample.dat
18
2
-1
-1
-1
-1
-1
numbers.dat
2047
2
-1
-1
-1
-1
-1
-1
0
-1
-1
-1
-1
-1
-1
-1
0
-1
-1
-1
-1
-1
-1
-1
0
-1
-1
-1
-1
-1
-1
-1
0
-1
-1
-1
-1
-1
-1
-1
0
-1
-1
-1
-1
-1
-1
-1
0
-1
-1
-1
-1
-1
-1
-1
0
-1
-1
-1
-1
-1
-1
-1
0
-1
-1
-1
-1
-1
-1
-1
0
-1
-1
-1
-1
-1
-1
-1
0
-1
-1
-1
-1
-1
-1
-1
0
-1
-1
-1
-1
-1
-1
-1
0
-1
-1
-1
-1
-1
-1
-1
0
-1
-1
-1
-1
-1
-1
-1
0
-1
-1
-1
-1
-1
-1
-1
0
-1
-1
-1
-1
-1
-1
-1
0
-1
-1
-1
-1
-1
-1
-1
0
-1
-1
-1
-1
-1
-1
-1
0
-1
-1
-1
-1
-1
-1
-1
0
-1
-1
-1
-1
-1
-1
-1
0
-1
-1
-1
-1
-1
-1
-1
0
-1
-1
-1
-1
-1
-1
-1
0
-1
-1
-1
-1
-1
-1
-1
0
-1
-1
-1
-1
-1
-1
-1
0
-1
-1
-1
-1
-1
-1
-1
0
-1
-1
-1
-1
-1
-1
-1
0
-1
-1
-1
-1
-1
-1
-1
0
-1
-1
-1
-1
-1
-1
-1
0
-1
-1
-1
-1
-1
-1
-1
0
-1
-1
-1
-1
-1
-1
-1
0
-1
-1
-1
-1
-1
-1
-1
0
-1
-1
-1
-1
-1
-1
-1
0
-1
-1
-1
-1
-1
-1
